5.811206510077013832e-01
5.784725806488673072e-01
4.971966104034216127e-01
2.665118946965071567e-01
1.050317817780306306e-01
4.497481971654157258e-05
3.825796253805756238e-05
3.691923974593366679e-05
3.903581235962675982e-05
3.912261639820176326e-05
3.922297656831496844e-05
4.123480325966101474e-05
4.793174014061791480e-05
9.136461682857595682e-05
4.046011354503952417e-04
8.639851656734173768e-02
2.621910056091577568e-01
4.897326731296089974e-01
7.976460001574110503e-01
8.997995835589041036e-01
9.001026433161112283e-01
9.037630531236338083e-01
9.927955381148588776e-01
9.998972258449427830e-01
9.998783686628781586e-01
9.316751395302664829e-01
9.999529795262468435e-01
9.999727528749587924e-01
9.997744193099384891e-01
9.730516041624838186e-01
8.989540037566179365e-01
8.878721331109880044e-01
6.204664045224983493e-01
7.148155939678704218e-01
