3.864095369854730292e-03
4.920555230139613163e-03
3.891445977290633289e-03
9.887501965222693645e-01
7.899212033972857760e-01
2.945565207951321429e-02
3.692731921509741916e-02
2.626062306781569433e-02
2.785560254850413808e-01
1.033278142357001855e-02
6.097191761741908023e-01
4.732286412419612481e-02
3.059861719771733157e-01
9.590646527234233387e-01
5.892210036673052320e-01
7.924052607764698816e-03
7.751812115482364408e-03
8.366578293580069214e-01
1.000000000000000000e+00
9.997553602436882736e-01
9.957124342587815313e-01
2.000067362316395314e-01
1.481695356741237479e-02
5.804086746664398333e-02
9.999919149782141581e-01
2.363017630664619451e-01
3.988746935892477363e-02
1.214901709084750987e-02
5.603707563329522225e-03
1.107613597907388878e-02
6.789997135986984844e-01
9.942194579487605433e-01
8.076445617829635104e-01
5.892021637069650569e-02
6.127442888258166111e-03
4.501995741050531658e-03
5.136245274976245119e-03
5.316589719146388310e-03
1.209983549561268606e-02
9.999897601249621015e-01
9.999999999999735767e-01
1.196612998365078478e-01
1.324234251557927511e-01
