3.615327851332038875e-06
3.582924943243597347e-06
4.262209333737548337e-06
4.960478369107931452e-06
4.033871206544983946e-06
7.301789811451353902e-06
7.997304183287195942e-06
4.046553586197064077e-05
1.001855991462033690e-01
2.905467408095082638e-01
3.002582549359990027e-01
3.002192032387043796e-01
3.004975045457150551e-01
2.637790856287430818e-01
2.978910795914252452e-01
1.574579514226803201e-01
1.416350840319831883e-01
1.935239717403147430e-01
3.412344659610097031e-01
3.690556842985448505e-01
3.834269990685228446e-01
3.874856059819640208e-01
3.302190457228061371e-01
3.231626858496733368e-01
3.529566175736560951e-01
2.611736039677260979e-01
2.708164483334812300e-01
4.668950805538554794e-01
5.882007043728668672e-01
6.206639014428516621e-01
5.803642860250860513e-01
4.060713732616414440e-01
2.222676279395567056e-01
2.085711081474637685e-01
1.085353174773474177e-01
2.048278255438176210e-01
3.602467010688346072e-01
4.569120321033225407e-01
5.547527374638554498e-01
5.761009627552142742e-01
5.772691742890468936e-01
5.851226866776547686e-01
5.898503615142285383e-01
6.913458580367803918e-01
7.154810500889882130e-01
7.028434943109795885e-01
6.095340346109294760e-01
7.004944658509312250e-01
7.958478246207963958e-01
8.012334366651460149e-01
8.145431235726808827e-01
8.009678218800179161e-01
8.003577962475765251e-01
8.006110160095364359e-01
8.141518227285068354e-01
6.913685414980748067e-01
3.028527271715857339e-01
3.055534014059945180e-01
3.034582062391789625e-01
3.075168931426933705e-01
3.012459481565427089e-01
3.102095548569767658e-01
2.920531509227585754e-01
2.048095891805354340e-01
2.271515964580501645e-01
3.094579572761908537e-01
4.101905997229827738e-01
4.066335830875273949e-01
5.430957801550511110e-01
4.817122468032888349e-01
4.117464592265693279e-01
4.080544921198653863e-01
3.469406930994917149e-01
4.072995726379960435e-01
5.094867820977228012e-01
7.092587143713181552e-01
7.982478047051808634e-01
7.988202578466081505e-01
7.080859244785653317e-01
7.180458237001212662e-01
7.999846713311796753e-01
8.004904209005211380e-01
8.198813566582444645e-01
8.983165640046374412e-01
8.998308687968373798e-01
9.000716678407922888e-01
7.782015548622795986e-01
7.932684593118493055e-01
3.743988751796752945e-01
2.895253204539757208e-01
3.010338489496858783e-01
3.124076803087231791e-01
3.868987415007041353e-01
5.190197183324994912e-01
5.110604232903316335e-01
4.115598599980598848e-01
3.748653310586432807e-01
3.101663330330138857e-01
2.421657096243984564e-01
2.128266017089002204e-01
2.136618104837374188e-01
2.758088853647528982e-01
4.527443447073077332e-01
5.851584880107723041e-01
5.348064226272560839e-01
5.492932766021567659e-01
5.106074107341698198e-01
5.601337129693167993e-01
4.441452466525304676e-01
6.499210610919464726e-01
5.912844238158012633e-01
4.846715629668643111e-01
4.327819760804677562e-01
4.327235209689354045e-01
3.942986128621862041e-01
2.995263300591665678e-01
3.122933651343478556e-01
1.722074941063782005e-01
1.023226988826532596e-01
1.033427467634673025e-01
2.996043311938966225e-01
2.380222226227048377e-01
3.916691531892155242e-01
3.554720927775443795e-01
3.167858708361125930e-01
