4.202272287413592010e-03
2.289526450516570638e-02
1.030566649279594793e-02
7.111318335209915534e-03
1.055104796109759650e-02
1.000000000000000000e+00
9.999425217335199401e-01
9.999911125299777437e-01
1.975876621836464286e-01
6.722940891593079046e-03
7.537390930481101606e-03
2.744669843220072861e-02
1.000000000000000000e+00
9.999999991706880476e-01
9.999958387382861247e-01
1.000000000000000000e+00
4.340547923258318043e-03
9.406343670040208105e-01
1.000000000000000000e+00
2.319672168631973716e-02
7.411871626218182740e-01
1.000000000000000000e+00
9.040707298606032172e-01
5.838691696652545948e-01
9.968467150841335833e-01
2.156832250111484772e-01
2.606454923580905220e-02
3.774756215286236005e-02
1.000000000000000000e+00
4.147352618509999277e-03
4.523818795759210025e-03
9.999999999999986677e-01
9.946956354553346813e-01
2.803860111911573444e-02
2.421423550967033156e-01
1.251211896358211673e-01
1.071862628028924513e-02
1.923950164757445846e-01
8.548606588026964881e-02
9.995501277926349681e-01
9.999999915545169094e-01
7.910561851599222372e-02
9.999998184016060110e-01
1.000000000000000000e+00
3.088586019554709697e-02
8.721253263543227163e-03
2.993860346452884361e-02
5.344692447826681486e-02
