3.078691451000197217e-06
1.627820898770117043e-05
1.537348721516583634e-04
1.016548119371232656e-01
2.018847559704362027e-01
2.646643490444677282e-01
2.850041429587154562e-01
3.058386893135963680e-01
3.032096449010994732e-01
3.076469233077367416e-01
2.428524725518014793e-01
3.641802157136628804e-01
4.072521652793175129e-01
2.341548816567992630e-01
3.149224637722142228e-01
3.145009180889197231e-01
3.015648317404769352e-01
3.003823527649348568e-01
3.869017065349465434e-01
8.235079087330798853e-01
8.891795119335619280e-01
8.935884037346507602e-01
8.630763432491919129e-01
8.403521533231061991e-01
7.501115650580059135e-01
7.216853910629689173e-01
6.408625159779387515e-01
5.858478108830935671e-01
5.277185418584702248e-01
4.814242074100826829e-01
6.801491927536333915e-01
8.038598408911763471e-01
8.980956832780909727e-01
9.100434756815524162e-01
9.546096517503300793e-01
9.813906037227042578e-01
9.050764146457932480e-01
4.641283410827877209e-01
3.702127091183055052e-01
3.673430215609218008e-01
4.202521717677935587e-01
5.570735127871986325e-01
6.477334624977372224e-01
7.541235639246746114e-01
7.949022478122651503e-01
7.470789160215380864e-01
5.892390722043656659e-01
5.959828156303254021e-01
7.289811110543553685e-01
7.791929016536547348e-01
6.967275560001200407e-01
7.239814199093732583e-01
5.554533817186144695e-01
3.795768998002609917e-01
4.282378532369584545e-01
3.988221655283847866e-01
4.873273085578161412e-01
5.948057262692939551e-01
5.823930606001926913e-01
6.009566576363013501e-01
5.714286792311028540e-01
4.009928089333253398e-01
3.013424272780572677e-01
2.961518596869738840e-01
1.063354981099875751e-01
1.018884405684591377e-01
1.191866449800241812e-01
2.359510764882726264e-01
4.460560930892367715e-01
4.313924146170017293e-01
4.249455278172512562e-01
4.143718678361468788e-01
3.931474620113907248e-01
3.806569430793401154e-01
2.405091620662203888e-01
2.072467389933166371e-01
3.025472868629278111e-01
3.006486485692447808e-01
3.013718645950198560e-01
3.013603183597994284e-01
3.728115287704497627e-01
3.964086611014460693e-01
3.625519222729657320e-01
3.414680563409801528e-01
4.161447899882252943e-01
7.028062805761322585e-01
5.040381384238387108e-01
4.937741592839092197e-01
6.084085823676199656e-01
6.357936125928158599e-01
8.753844801288741539e-01
9.056276961728262354e-01
9.947457470421842141e-01
9.967040565699847310e-01
9.972433035026935233e-01
9.748901226847361823e-01
8.386805400614403272e-01
5.826880611023235179e-01
3.013819767929713511e-01
2.965619058065388502e-01
2.110897041028315935e-01
2.592917305620919821e-01
3.141639744999495387e-01
4.158444075934054074e-01
4.478148181014497409e-01
5.484924506315834725e-01
5.668702196863326659e-01
5.540945439801009398e-01
7.819182036398029112e-01
8.019723950688926184e-01
7.953216036703452119e-01
7.917285370340660933e-01
7.677169123511158322e-01
5.516744800902134704e-01
5.054630516139867469e-01
5.023622725925467325e-01
3.131858912447464949e-01
4.100587656135063486e-01
6.015559483490189319e-01
6.127851241958696127e-01
7.118876164223667535e-01
6.482691022800877167e-01
7.007059891130011930e-01
6.079163754715691814e-01
6.002324454233380902e-01
5.815781804267292632e-01
3.662790325145259818e-01
3.602396312720338445e-01
3.220563197925616072e-01
1.940821937900530925e-01
2.031819268750820195e-01
3.001745841114536462e-01
3.044603961089306088e-01
3.037567082065146806e-01
3.070784645140877678e-01
3.374196109787919728e-01
2.725573586624977507e-01
2.645259687141039429e-01
2.547117512845863407e-01
1.300475601494962274e-01
