9.644510677601849866e-03
6.633669455581747698e-02
9.975820254824597777e-01
4.276356871422909434e-01
9.079846564085692906e-01
1.998318311807863179e-02
9.995632787199226765e-01
1.000000000000000000e+00
9.988757028594211773e-01
5.106913642543709463e-03
7.920332847894989009e-03
5.331912290156816114e-01
9.999999999428261788e-01
9.984492727043375870e-01
3.699221031340722138e-02
1.302390550250990577e-02
9.908166459026358508e-01
1.000000000000000000e+00
4.383254069605302047e-03
9.999999999981665777e-01
1.000000000000000000e+00
9.997044169753331877e-01
4.609140181267407099e-02
1.432175268577386695e-01
1.046684563569552986e-02
9.999999982665448428e-01
3.592131540125835798e-01
9.999999473630875046e-01
7.351342137212474315e-01
9.999999987206158458e-01
1.000000000000000000e+00
1.000000000000000000e+00
1.117691049330447363e-02
9.993874388824189881e-01
4.004701908532567328e-02
2.186696669311041508e-01
6.416125551858216369e-02
1.000000000000000000e+00
4.958373056005365709e-01
7.809285063862929643e-01
9.271211832539716369e-01
9.999999973549960064e-01
3.992112461195992945e-02
1.835445664051352788e-01
6.145386952462201791e-01
8.295310089323556513e-01
9.790331456141292479e-03
4.379011339134237547e-03
5.272911345808299448e-03
