2.409161647901078562e-01
2.997202142475788311e-01
1.915446941587240492e-01
1.651577261368488148e-01
2.092129915498186499e-01
1.026163197100147251e-01
1.422118932504045363e-01
1.113137392880864801e-01
2.002307472596241700e-01
2.025941226701538089e-01
2.458833010574264788e-01
2.992202631981976113e-01
3.001597371076068499e-01
2.240889917621244065e-01
2.028730145906740279e-01
2.036065106980266548e-01
2.096379040344899525e-01
2.502701663828111878e-01
3.006238155858123595e-01
3.063247638765140279e-01
4.125594442340513868e-01
7.079517081580596338e-01
8.084889330074007674e-01
8.033354170171970177e-01
7.759062850124998079e-01
7.007163412974597438e-01
5.996782653955720077e-01
5.208107282917578962e-01
6.930664781266078212e-01
6.970853783895110123e-01
6.643729185876460219e-01
7.176626040947096108e-01
7.456912750076015728e-01
7.803662755907797566e-01
6.816828108092705119e-01
6.924382561093053168e-01
5.199580687793405875e-01
4.541610647004555301e-01
4.417752465173240273e-01
4.625269737714051144e-01
4.751894661113138518e-01
8.174184045704141477e-01
8.088454583788999841e-01
8.251071426462439629e-01
8.890098179494181352e-01
8.990871994911702192e-01
8.039536564761544657e-01
9.613236135483418376e-01
9.102952860584572203e-01
9.338584394445572645e-01
9.892351540174612046e-01
9.984889522794180294e-01
9.649363780457449469e-01
8.633488838555699596e-01
8.886345078197372960e-01
9.017403671295408651e-01
9.139269958234770286e-01
9.595023598218099803e-01
9.004689986084096764e-01
8.529393711396876521e-01
7.017032061872814364e-01
6.157687353349976522e-01
7.276397796328633039e-01
8.051879861624726686e-01
8.294716675274571571e-01
8.279276860348548928e-01
7.926200106504108778e-01
6.703861728658683239e-01
4.664573748087708083e-01
5.958516444388505251e-01
6.002648811379143190e-01
5.956268023663083833e-01
4.604785844453928578e-01
4.110140982817679922e-01
4.045151563450587462e-01
3.600923583281930851e-01
3.539147601102144991e-01
4.364994454800451007e-01
3.869897123129622529e-01
4.584825144803834074e-01
5.901894815877503087e-01
6.673314233748893765e-01
6.877377782693533392e-01
6.662710622032819163e-01
6.726044449636291445e-01
6.842979529181623111e-01
5.595564882196137901e-01
6.167888105867446180e-01
7.036983935202727469e-01
6.867144063330723469e-01
5.535655633524613206e-01
4.794050312095730071e-01
4.663747428663806427e-01
4.383729511579213534e-01
4.763353548832978679e-01
7.830692768499364353e-01
6.986152096201651007e-01
7.175202395910285080e-01
6.758847923156727777e-01
5.350761835608824901e-01
4.139842497444045089e-01
4.024422687289654910e-01
3.626255536847068361e-01
3.521273368631260281e-01
3.320455958095097637e-01
2.245907204458785777e-01
2.097902061941474550e-01
2.963338706169948433e-01
3.137539562695679241e-01
4.206627854849703807e-01
4.815523482562098501e-01
4.010949566511682884e-01
3.335775209001922703e-01
4.110245797817763114e-01
4.626705776897271361e-01
6.626160509283389732e-01
7.161443792714667911e-01
8.101153124061861721e-01
7.692023471213090824e-01
7.654378008291081725e-01
7.074277096988528246e-01
7.743825674664657210e-01
5.474439705354756658e-01
6.841648177463239833e-01
7.790140710727160300e-01
8.886301260609112962e-01
9.836088564260372369e-01
9.706004676714939938e-01
9.955510451990839949e-01
9.015292172833866413e-01
7.402697647845182249e-01
5.365575421880576235e-01
3.237376055502883543e-01
3.018355383624181099e-01
3.002397059434536719e-01
3.000287554005761637e-01
2.999400120342206044e-01
1.049098155734153048e-01
4.363551793307223967e-03
1.704788638244248084e-04
3.087714617852487409e-05
3.986919203353647468e-06
