4.078995227812018572e-03
4.083354213153344778e-03
4.083372015046236869e-03
2.768430303408581789e-02
9.999551794651816428e-01
1.000000000000000000e+00
9.999997177616749555e-01
5.420519999223752938e-01
8.736358565039901644e-03
1.000000000000000000e+00
6.015321991926748935e-02
1.628537814360672339e-02
9.533861685810505193e-01
8.127858385025242549e-03
9.999999999991584509e-01
9.999999999715190047e-01
4.123956535471156593e-01
1.408419290391196566e-01
1.000000000000000000e+00
9.999999999594690880e-01
9.984985629472081792e-01
5.831621333695860554e-02
4.592586372912588026e-03
9.999218141512294933e-01
9.999999104807932859e-01
9.999999895571319852e-01
9.999999656505106360e-01
1.000000000000000000e+00
9.999999734950326680e-01
9.999832387404833378e-01
7.145347510558487381e-01
6.818867457465779269e-01
4.579814511118163733e-01
3.317064650981919605e-01
2.414315434538262251e-01
3.632770885990207477e-01
9.524586879539810313e-01
9.999999995038579836e-01
9.941289960622129440e-01
1.000000000000000000e+00
9.999999899790973368e-01
7.337053935256223625e-01
2.797406557274113859e-02
8.556633543652162471e-03
6.908012228422378068e-03
