3.435875802989041513e-06
3.440199820821707817e-06
3.416957957264804860e-06
3.416294619696448992e-06
3.401597374177765292e-06
3.435314831523746805e-06
5.530413134714915141e-05
1.047373919206552595e-01
2.036317535680286783e-01
3.017706208781473221e-01
3.063991030558440576e-01
3.030663310608657790e-01
3.675772445533486144e-01
4.807367738544290892e-01
3.522059052096132570e-01
3.077707486402727621e-01
3.102551660451866034e-01
3.007684999856562458e-01
3.985721406215639862e-01
4.852142615778402002e-01
5.759185688519268265e-01
4.918619720181690025e-01
4.780844852333459016e-01
4.333589019023584288e-01
4.098303491428815226e-01
4.414204198610308660e-01
4.399097891949432793e-01
2.754882597010450129e-01
3.496970257564733231e-01
4.833428809005022586e-01
5.020521988485482368e-01
5.987044191762047607e-01
6.457008096945342501e-01
6.820308848927927325e-01
8.458164504168713682e-01
7.259802488244263552e-01
7.406594201099332420e-01
8.193225702536619526e-01
7.108035426648390276e-01
7.315223783546812575e-01
6.957947335390436416e-01
5.599489677323801207e-01
4.330914836164051485e-01
3.767145180739230881e-01
4.731690906680965369e-01
8.156374810846636070e-01
7.657982845163420205e-01
8.117749305628791934e-01
8.417406127536868343e-01
7.856067849982041329e-01
7.579230011427051661e-01
7.613420352288999826e-01
7.869812915191850555e-01
7.756081065534741192e-01
7.755073219553562103e-01
7.984367067963549225e-01
8.392747406382976560e-01
8.168639170110578718e-01
7.677039408138035537e-01
7.490511304251130653e-01
7.118633680146684295e-01
7.470545153459056120e-01
7.591409014186915050e-01
7.023194807967391151e-01
7.425681254112725949e-01
7.480361037598236562e-01
8.310175102257501001e-01
7.301626628522681628e-01
7.177785651859333038e-01
6.930155594380651429e-01
8.920076701815166098e-01
9.116891045874032651e-01
8.856912330089590224e-01
8.311033965484601049e-01
8.364843293979291605e-01
8.335212184157677617e-01
8.031164876407125286e-01
7.711707597665148350e-01
7.737785516749871029e-01
5.321606245808988556e-01
3.826177347869636480e-01
4.570702310033418203e-01
8.961412414728053832e-01
8.973739117959784739e-01
8.831055756430574721e-01
8.311211393776762879e-01
7.533188508778224657e-01
8.005926616341666469e-01
8.010628814051454771e-01
7.356476119955052129e-01
8.391034111834370091e-01
8.222067905192694814e-01
6.765405092147840360e-01
7.025864688175071926e-01
7.043924746559595551e-01
7.499032439288806362e-01
8.347482436448568910e-01
8.703667092508775571e-01
8.266638425761427822e-01
7.842708303966654526e-01
8.130190747967427356e-01
8.618658986122852417e-01
8.472281631477762698e-01
8.837882649225535792e-01
8.954648856560348813e-01
8.536281441837978434e-01
9.414407132580617787e-01
9.997648316960457970e-01
9.986880222941749707e-01
9.999176956286724982e-01
9.998496801187870542e-01
9.965838113267728726e-01
8.414873535535715154e-01
7.073062793325158859e-01
5.877512546869664289e-01
5.505736460851682335e-01
5.770131424906749240e-01
9.200411799613990027e-01
9.068838098413600779e-01
8.939660554378654478e-01
8.958281425155905087e-01
8.882654299587992019e-01
7.591457748322479882e-01
8.760624061029858023e-01
7.900520370159063166e-01
7.571406049890908596e-01
7.395451207437633290e-01
7.054667976965272036e-01
7.020438013425100987e-01
7.417244589268060517e-01
5.376647590884735539e-01
5.109358162928062663e-01
