3.867544937094210492e-03
9.999996865810255597e-01
1.000000000000000000e+00
9.999999999999760192e-01
9.999998062414992006e-01
1.000000000000000000e+00
5.564486167368268982e-03
9.999999999976443288e-01
9.999999692540005869e-01
9.999999999947024598e-01
2.389877069327132064e-01
9.993410138041955992e-01
9.435461187017252227e-01
9.999998585250797767e-01
3.023413003631181817e-01
3.627383126188883644e-02
2.907129335958487104e-01
7.202989570287311738e-02
1.000000000000000000e+00
9.964765119335413646e-01
6.910017786391595696e-01
9.999987025792433926e-01
9.999992215964397246e-01
8.107766311209473054e-02
6.230600003711666418e-02
9.999999967270922774e-01
1.000000000000000000e+00
1.000000000000000000e+00
9.999999983718319552e-01
1.000000000000000000e+00
9.999999895476222589e-01
2.371793921893792512e-01
9.999999996653070600e-01
1.000000000000000000e+00
9.968556833546702300e-01
6.485702124289374759e-02
9.813652061381549219e-01
1.000000000000000000e+00
9.987813170096646598e-01
1.000000000000000000e+00
1.000000000000000000e+00
9.999999660670864099e-01
2.473940080675927911e-02
9.999999999999666933e-01
9.999999936310060011e-01
9.990889118897199328e-01
8.041038803350438746e-01
9.999999998897679543e-01
1.099974939858642045e-02
8.647890697844157551e-03
