2.991526438521893048e-06
3.829142104204743696e-06
2.586941829623083389e-01
2.974729415911678276e-01
3.010801620370924248e-01
3.193177591858269437e-01
3.549252543354274314e-01
4.276738720438958419e-01
5.049129315434514043e-01
4.285120103030909400e-01
3.196545018395707816e-01
3.941100414297679100e-01
5.604439271115577714e-01
7.134001888772870670e-01
7.165346110497108345e-01
7.699870559070300935e-01
6.934384358978757934e-01
6.960267735694899427e-01
7.323129623174983172e-01
6.109902941560854117e-01
6.014603382561098943e-01
8.968226453948175969e-01
9.011140488380913194e-01
9.633113607866968797e-01
9.936783035183551771e-01
9.079867468721524171e-01
8.979935868651122144e-01
7.949104797888736362e-01
4.728542941424523915e-01
7.998764779710516581e-01
9.021121955992507102e-01
9.304962888751227013e-01
8.875518237724719928e-01
8.914892401103218234e-01
5.757100106379561266e-01
4.199781788970134433e-01
5.341285023746854543e-01
5.941769252369262233e-01
6.029220852472965131e-01
5.396418276424993499e-01
5.567459651752677541e-01
5.982840015908957865e-01
7.118370698296663246e-01
7.489906962341452701e-01
6.946980273102655312e-01
6.467877220849380659e-01
6.028642034238720360e-01
6.096293873968668953e-01
6.007094616018943123e-01
6.289277349512971682e-01
6.407861144806398235e-01
8.311488083612346145e-01
8.094501109005916017e-01
8.074423619940895858e-01
8.015508360942027455e-01
7.997848858222018631e-01
7.076406716230534411e-01
7.003439868547289837e-01
6.925164004445983901e-01
6.599093401380013990e-01
6.500938525323871620e-01
6.746883657751747698e-01
6.891183710901968018e-01
6.615769737315799759e-01
6.422436502293065175e-01
6.103598824663249989e-01
6.517770416082102614e-01
6.780081762191730865e-01
6.608187252312884841e-01
5.720103568582095566e-01
5.579547380283075286e-01
5.454859355463108628e-01
5.492553803045316929e-01
7.473513056130089982e-01
8.062322460579999239e-01
8.037392435777247490e-01
7.989994066976733311e-01
7.978851877483170707e-01
4.166771309367151011e-01
4.206729458421089585e-01
6.181699489918622836e-01
8.776245051505691119e-01
9.576403991376324365e-01
8.949565134453847381e-01
8.981855235063734844e-01
8.778435126242044584e-01
8.049038041337706062e-01
8.101737982017883644e-01
8.793700238603301411e-01
9.033170658726883406e-01
8.233602441196694599e-01
9.049662323952943899e-01
9.383454517837156450e-01
9.927934747338585941e-01
9.997190066466117297e-01
9.999946582074257240e-01
9.999967533172015033e-01
9.994792490590087564e-01
9.535199110220041741e-01
8.018752882478068500e-01
6.230623586338429609e-01
8.071570269864858371e-01
8.291892879478126588e-01
8.419947691139377799e-01
8.944792327199186932e-01
9.059069696856909548e-01
9.053451623996965347e-01
8.950833817597739772e-01
8.034718377643244036e-01
8.019353124803458854e-01
8.758087973985444474e-01
8.841981815428386904e-01
8.852860762059702182e-01
8.385934030267415684e-01
8.278058929130349686e-01
4.840720517992874727e-01
4.713362282389434443e-01
4.331991305848370000e-01
4.827234058735426769e-01
5.723738464250227587e-01
4.929484217002846336e-01
3.205577275292407213e-01
3.072838499496114428e-01
3.977129214082498199e-01
4.535884840968870124e-01
4.064390152135258782e-01
5.188486856396861135e-01
8.097268116370355262e-01
8.986688003883553932e-01
9.025878584466866528e-01
9.997856021211047883e-01
9.999951115934614387e-01
9.999332691515648852e-01
9.560379387847810495e-01
9.430712150864584142e-01
9.160908340697264673e-01
7.188440049326642045e-01
8.011203531796310395e-01
7.996626947509419825e-01
8.001233096083242291e-01
7.974204351823482861e-01
8.099233657223608995e-01
8.202044384261462096e-01
6.856785870490927914e-01
7.150491751937165796e-01
6.965343135729964441e-01
8.017126680799165905e-01
8.539359845487733969e-01
8.585964934310208463e-01
8.885657006057086083e-01
8.113909630661366723e-01
8.314840304087495193e-01
7.551404305858859800e-01
