4.213191649432910905e-03
4.213643333850308932e-03
4.213244122897578936e-03
4.212601242455053276e-03
4.213565506341395740e-03
4.221282404107692433e-03
4.904048650252602025e-03
1.187448224412797002e-02
6.157607593886038275e-03
7.713576655811770974e-03
5.604438329334425831e-03
4.543987663397501195e-03
4.419268897022102065e-03
4.373613332393239822e-03
4.329059824524975758e-03
4.256377896145935660e-03
4.684970087254465045e-03
4.591477826027167732e-03
4.226329687310678013e-03
4.332091181243750630e-03
4.394453259608752452e-03
4.351611015948740613e-03
4.264294977275179255e-03
4.448032302791725921e-03
4.314577636114696503e-03
4.226125361304050761e-03
4.302710390901164257e-03
4.332071258002687629e-03
4.213584992583031645e-03
4.209816988015736838e-03
4.668986381432658865e-03
4.250973211375347685e-03
4.235386863664896383e-03
5.453877171866231520e-03
4.220195805657863709e-03
4.209081145001574049e-03
4.216879498623580559e-03
4.206532572932691547e-03
4.405480337969462125e-03
4.204574300519529385e-03
4.206251158547029932e-03
5.434906858554179772e-03
9.833166333300877304e-03
5.621855040734564414e-03
4.650268834581663263e-03
6.291773864145834387e-03
1.356710321911624648e-02
6.873865184856861425e-03
9.338546842280345817e-03
4.706986222388359273e-03
7.179354730883451621e-03
5.151917770619815137e-03
5.621288805772940884e-03
5.715963939811130948e-03
5.888828835013873615e-03
5.010273989543063793e-03
8.335514544142613377e-03
5.744040887748735370e-03
5.377754269361596610e-03
6.768017475831489965e-03
1.375245067650966192e-02
4.435494792555188907e-03
1.034110631406549678e-02
1.381818584419055966e-02
5.512625222116697594e-03
5.722525281912234016e-03
7.042757041801083612e-03
6.874751662863011134e-03
7.906596527353253190e-03
5.237256659354216221e-03
5.913622177139486562e-03
8.039026788938391510e-03
5.861454704293718281e-03
5.712629156198694921e-03
7.585048794918142212e-03
6.445137923309384766e-03
7.945928850954395162e-03
5.282624980819713295e-03
6.398052337011502465e-03
6.949136589536864493e-03
4.980652876809410143e-03
4.591334990918433112e-03
4.652596173148631879e-03
4.949641320053778902e-03
8.533327941777605827e-03
9.598981002398502757e-03
5.602498110051158317e-03
7.586223045028246334e-03
6.469040644713590360e-03
5.670214126218093079e-03
5.931835908088546952e-03
5.482385343865462356e-03
5.763985551251451719e-03
4.532186445206207517e-03
5.836143852389224541e-03
1.188859462564122692e-02
6.209795969285132784e-03
5.038818820406824536e-03
6.251072132311852325e-03
6.676087572914479566e-03
5.626097160743669286e-03
5.524960643033245342e-03
4.498557791653832148e-03
4.647181798760204909e-03
4.414651847919314961e-03
5.004580270748243929e-03
4.957059487197479179e-03
5.588786683525954688e-03
5.062038929869385091e-03
4.895089536686493027e-03
5.334745165304592175e-03
5.539746112249833467e-03
5.956398947525235257e-03
6.878667039576534525e-03
5.034521393902756901e-03
1.083529384567403012e-02
1.213642132526018998e-02
4.544084848725865079e-03
5.678030625725157161e-03
6.163280208036710402e-03
5.634104735815389543e-03
5.040552596546396709e-03
6.283545779032070379e-03
6.879434497740128003e-03
6.841003281291571647e-03
1.147434787913372348e-02
5.712286488401918313e-03
4.475059814688123368e-03
4.214526537907357234e-03
4.225362036546891249e-03
4.231741202149271949e-03
4.238319744115005665e-03
4.210682878149053787e-03
4.218026729397885560e-03
4.210262635691862203e-03
4.232045058660255724e-03
4.241158907714131371e-03
4.305380849358681622e-03
4.285162283404499867e-03
4.249449626919140494e-03
4.265681244375521888e-03
4.303736957500845818e-03
4.296824404134966247e-03
4.502087232886651039e-03
4.300493465342450188e-03
4.682337941781818287e-03
4.449981981612613664e-03
4.439737363095445227e-03
4.316911352709010968e-03
4.432535860468280429e-03
4.344692602266365944e-03
4.473484857202471993e-03
4.344966829917536189e-03
4.544432858709728483e-03
5.392510413738149308e-03
5.460970431726245786e-03
5.501841529402455404e-03
5.666340522128544138e-03
