4.325581622598251926e-06
4.337504369864284092e-06
4.333568107121361115e-06
4.317621451457744183e-06
4.336167250719716781e-06
4.330773811636931588e-06
4.330147261143082999e-06
4.315986793820206253e-06
4.318575478921744453e-06
4.312132755140892174e-06
4.317682211235170361e-06
4.294003195016853983e-06
4.299642765692176164e-06
4.299321025100730852e-06
4.305196602389125288e-06
4.309368430012102218e-06
4.315327028108732139e-06
4.315166561337082617e-06
4.328732351378577024e-06
4.310976512383181850e-06
4.294885821001421614e-06
4.283383096349575605e-06
4.288190644777953413e-06
4.318683121552604204e-06
4.306136206556391796e-06
4.305619552733471770e-06
4.309995140499586782e-06
4.307561109043811416e-06
4.303506661434809843e-06
4.320999282574676646e-06
4.306929378279153109e-06
4.315382526952356986e-06
4.307753319592824211e-06
4.322733436390697209e-06
4.326019864328041267e-06
4.307511034316548761e-06
4.311637662163368062e-06
4.351154595267362232e-06
4.319225357836116867e-06
4.322174919704107215e-06
4.318568429101479811e-06
4.334440247830521254e-06
4.320098946058146833e-06
4.331348071068337699e-06
4.315840931619296884e-06
4.344136996684522473e-06
4.324475254426324465e-06
4.283512217964766611e-06
4.310764332314295049e-06
4.330509782565363569e-06
4.322337854753996107e-06
4.376782392473280336e-06
4.122978867003636157e-06
4.521017847186661967e-06
4.650976073074970830e-06
4.575939405631960480e-06
4.575281909688834689e-06
4.321363151710516316e-06
4.492273601369377110e-06
4.580020484237425414e-06
4.537651467122980719e-06
4.573806917248719094e-06
4.515038114737325190e-06
4.314469044827479920e-06
4.572896792894716762e-06
4.456620133908518122e-06
4.283320037415585576e-06
4.435101975689171596e-06
4.468876911837588844e-06
4.321887860109177123e-06
4.369737208805243877e-06
4.769818282578429151e-06
4.665693526119412677e-06
6.494413684411350653e-06
9.829082355714070896e-06
9.465715304930706560e-06
1.033038678078912482e-05
5.233946479465727221e-05
1.431682388004511223e-05
1.322449308502646595e-05
2.956650208241785183e-05
8.195632118757880798e-06
1.272658810306703163e-05
1.085144876837863036e-05
1.012950034439199793e-04
1.144532216827324296e-05
6.124412426212810403e-06
7.016445711601881044e-06
5.627840763040392767e-06
5.539038083263435725e-06
4.781685558780234041e-06
4.347445050354722813e-06
4.206763352091803278e-06
4.699598006011891113e-06
4.598230813438052558e-06
5.444025618356158148e-06
8.024295513951287996e-06
2.628997071473902707e-05
1.366005276926136045e-05
1.682995100760561634e-05
1.686157812904197072e-05
1.118401286442680387e-05
1.547019578365790762e-03
8.651635553597331052e-02
8.331801425300558450e-02
7.499693822827568912e-02
4.422957481392020967e-02
3.398766464500598878e-05
1.644293515012843854e-05
4.073936418584840678e-05
2.886084937028290311e-05
1.049322316143218355e-05
1.574940231029716843e-05
1.123804771689222522e-05
9.093928483724762432e-06
2.955498213588993436e-05
9.035416082983586120e-06
6.740042245291845717e-06
5.806434856580200867e-06
5.542524986372771243e-06
5.278507373387496300e-06
5.477403870487418460e-06
6.139215938606712363e-06
6.329801296288425291e-06
7.054504872381251075e-06
7.160723972530543357e-06
1.435225941251167179e-05
8.267201019210656892e-06
9.887497238130300907e-06
3.394667841134694586e-05
2.865504931564295850e-05
4.256372988319583961e-05
3.895160266528664667e-05
2.425834694075651300e-05
1.205590999435826073e-04
6.435321994917090856e-05
7.189745708590693164e-05
2.283081159365397638e-05
5.336142135897746178e-06
4.966477175644465557e-06
5.523553616986203239e-06
6.789042413229742587e-06
6.422305293234850836e-06
7.009300391270517971e-06
9.256213982681995881e-06
6.900413818822511317e-06
7.373166593254435386e-06
7.699839919378988822e-06
8.225174606239633282e-06
7.342457705856522891e-06
6.840465914445894875e-06
6.994376091309676187e-06
6.909521046851398538e-06
1.499216477305306938e-05
7.608159645545771595e-06
7.470425993497738660e-05
2.552836609302527288e-05
1.846105767577387052e-05
1.084296013990734394e-05
3.229156775509437572e-05
4.838683724414086560e-05
4.868182863602806758e-04
7.073706385049892496e-04
1.865773514258651600e-05
2.068788749537233855e-05
8.090465044757936641e-06
6.795476574716691868e-06
6.727958707543289503e-06
6.387371793238916329e-06
6.809139887114304672e-06
7.543129030558956509e-06
2.514290310591530805e-05
7.935742675132648920e-05
1.674911381254880704e-04
7.124392675699149689e-05
8.625337153944041742e-06
5.514444331187562813e-06
5.311899904338106318e-06
5.065919335768192397e-06
5.219163889876052848e-06
5.399866769725252279e-06
5.435586943985997873e-06
5.927257877646788820e-06
5.800664788733638913e-06
5.759492894233031822e-06
5.523636603886656136e-06
5.448895237588855633e-06
5.921371749812453332e-06
5.690880276071309200e-06
5.273568608676093492e-06
5.267984427768464446e-06
5.452793399852193072e-06
6.391812989058746760e-06
5.998006144796144321e-06
5.904070181835974166e-06
6.633439998955694065e-06
5.936993684935418754e-06
5.917168733578663947e-06
5.489673687000244034e-06
5.174574220082891122e-06
6.018626587519131514e-06
6.161208629718756844e-06
1.159615552084697074e-05
1.041865551507872703e-05
1.768673205452245587e-05
8.953873277573593231e-06
8.058699704714217556e-06
6.121709514629763676e-06
1.932866509511638680e-05
1.606620462536118222e-05
3.944678642199207948e-03
1.303872671287477076e-04
1.120262021557176090e-03
1.155114745519305198e-03
5.226109989677192542e-05
3.268107234657759581e-05
2.538870875187401835e-05
6.251030826549410055e-05
2.408946435950765937e-05
4.498744074381439155e-05
2.721492672892045765e-05
7.289776037745619667e-06
7.684906523729651066e-06
5.322384019673486030e-05
2.629650929531849798e-03
1.385363884695657143e-03
2.352737826289016086e-03
2.034516523600540111e-02
2.502567939251376791e-04
1.766385242651168129e-03
5.159560063890220472e-04
3.500433033957996902e-05
3.559882196867435899e-05
2.061178590147747772e-05
1.448110478930158401e-05
1.165261781715080128e-05
4.373755898969153347e-06
4.151872415903257723e-06
4.138208114371819548e-06
4.335526783442196616e-06
4.316763461148839172e-06
4.060529408441203661e-06
4.179357175662883259e-06
4.301483441762072780e-06
4.236598663298696996e-06
4.117015312314029197e-06
4.201613072792504057e-06
4.275643263000543061e-06
4.194839351928512615e-06
4.135992360735593168e-06
4.213448699374010699e-06
4.225320320901023710e-06
4.128552677240996885e-06
4.162453103324452780e-06
4.204477564927416027e-06
4.172338710238922454e-06
4.121983857124537432e-06
4.156737473892426537e-06
4.176951498695152335e-06
4.142251414282020750e-06
4.143446568157529864e-06
4.184645971292936739e-06
4.165607242725928614e-06
4.138682793513230411e-06
4.131480890979233707e-06
4.165685818003531914e-06
4.123597058072507629e-06
4.114029512480245900e-06
4.138987417254357304e-06
4.129397228911174849e-06
4.157826497942435228e-06
4.146833024348863424e-06
4.150447199386767005e-06
4.129317394341331193e-06
4.119563693234710103e-06
4.145752265121006419e-06
4.154652093719123321e-06
4.133281579720046695e-06
4.118948957410501067e-06
4.138985985660951641e-06
4.115575057689457370e-06
4.110232061116365589e-06
4.137846948850895475e-06
4.158807858807312416e-06
4.149193287434717549e-06
4.137651118197581580e-06
4.122014284216399367e-06
4.121105143505730277e-06
4.125254075124242451e-06
4.112928504272154330e-06
4.127259559300957379e-06
4.124449950660802577e-06
4.124416999053670756e-06
4.124581781207927266e-06
4.126147717130791584e-06
4.091775138812588950e-06
4.112430409687595394e-06
4.131270639166232389e-06
