4.382148412414580557e-03
4.210588857922943976e-03
3.430905696731942345e-02
2.022883446577093680e-02
1.180608410965946348e-02
7.191999533703996583e-02
3.298141424463045535e-02
3.550674738090951049e-02
7.294921680783168771e-03
1.086012892457388287e-02
1.167965180365261417e-02
1.184979531595903302e-02
5.235053709621241037e-03
8.256467971386164187e-03
1.138277751272847096e-02
1.432416958864467238e-02
5.513682932565397085e-03
5.705330218118113625e-03
1.536268902475469190e-02
5.715368890583656485e-03
1.779728731398954461e-02
7.680277203559868725e-03
6.136556061278720421e-03
1.341615197817816810e-02
3.371486291929552404e-01
1.774423985217278912e-02
5.311871127071229534e-03
5.822594395463035963e-03
1.768035175264384695e-02
6.526794379859293151e-03
1.330619006358770354e-02
1.014376005082059592e-02
4.969643267770458735e-03
8.435210989086564665e-03
7.480554803595811791e-03
1.189714635072922772e-02
9.171359344041564790e-03
9.094502746567980148e-03
1.287747064633894094e-02
2.498257329493386650e-02
4.623201358897089525e-03
6.526878746468831038e-03
9.816068466776127141e-03
8.155339229390380987e-03
1.521513311806167550e-02
6.164213897452132558e-03
7.634410157503468061e-03
4.939275232187703875e-03
5.407036213736349413e-03
4.598315259396909722e-03
