2.621290110208883547e-04
2.761471446993287154e-04
2.566427912824107023e-04
2.634406765387291576e-04
2.649650927823422289e-04
3.519132687111820794e-04
2.632725394304381503e-03
1.674503420478145070e-03
1.870004328472175655e-03
4.575415864129192892e-03
8.325181200973440438e-04
8.249906303973899430e-04
1.138954346775726588e-03
7.347215736422904901e-04
6.225954455196864266e-03
1.990679832620013273e-03
9.926248859099344977e-04
1.004818872923365306e-03
4.510593387029962248e-04
4.648978591466427493e-04
3.651712094457714537e-04
4.150295865917221633e-04
4.836206400979442478e-04
7.429603845906413177e-04
4.176273958007350193e-04
4.697723558570907304e-04
5.227592578163688672e-04
4.082136872650901508e-04
4.742412485631892658e-04
4.296496873937590390e-04
3.997142418441932332e-04
4.323764003403646411e-04
4.234542326649029975e-04
3.964089180163480014e-04
3.744361461125530642e-04
3.314282416855054698e-04
4.157583501868979928e-04
3.346964646823970485e-04
3.461937048217274141e-04
3.339174447421451109e-04
3.402152926831108690e-04
3.829563069478451767e-04
3.636971601951192253e-04
3.521970390105543924e-04
3.338566772949528119e-04
4.115199230252966048e-04
3.880367998729420472e-04
5.190292570636922259e-04
4.269087681778059107e-04
3.762671057113408930e-04
3.250339631321926687e-04
3.079325648840483564e-04
3.108584035333290503e-04
2.931486326416380436e-04
4.210589020415487485e-04
4.364131180517368674e-04
4.486720766677341761e-04
3.488020174548817770e-04
2.978446456433318378e-04
3.465186995407726171e-04
2.968142042552002723e-04
2.940799739404055795e-04
3.099290037507560738e-04
3.085189128323794850e-04
2.998878300295124448e-04
3.032112165020653611e-04
3.091712690792273901e-04
4.120857210690948643e-04
3.548239244076173892e-04
3.339323177454798846e-04
3.511527327033495192e-04
3.364728766652983925e-04
3.889345679151615261e-04
1.846339346378847706e-03
1.013643271444452255e-03
5.692935999970601861e-04
6.670765868246682391e-04
5.307349821314944491e-04
4.573894199001579328e-04
3.744529869231872157e-04
4.117151315790127655e-04
3.633619596887408898e-04
3.441895497814354454e-04
2.856567276628772909e-04
2.828122276909197366e-04
2.814431359449939048e-04
2.482839996840350096e-04
2.599969135173536361e-04
2.714894536960485872e-04
2.951805857479681714e-04
3.403365794425862543e-04
3.276307306990194445e-04
3.240519712525651410e-04
2.911350723107598479e-04
2.868112237381201420e-04
2.968805913439088616e-04
2.919690389719934885e-04
3.009617906581404478e-04
3.147133914178601400e-04
3.044220594001733043e-04
3.540912523311673084e-04
3.926032844407699235e-04
3.852202055549922726e-04
3.762213918742827947e-04
4.282030940553599560e-04
3.484112622616495941e-04
3.871749700662081373e-04
3.396701307208811467e-04
3.017851688176787471e-04
3.106978890705111920e-04
2.966194372458772822e-04
2.993798503387740660e-04
2.608650711456299049e-04
3.309825137422500859e-04
4.624250395728996227e-04
4.510903122747243277e-04
5.270437332345544960e-04
6.819031069323024021e-04
5.882959528049745311e-04
4.026512051218653662e-04
3.446907224062884705e-04
3.217452530747830978e-04
3.972120568452301606e-04
3.437612577781087452e-04
3.248378174125467416e-04
3.613271514129491732e-04
3.007407994832677527e-04
2.930317290003200915e-04
2.735176006737858071e-04
2.570637523327760215e-04
2.341370999757452775e-04
2.357177608539945336e-04
