1.725212728052332931e-02
5.459943036652853583e-03
2.804774079009200033e-02
3.476213943125663897e-02
8.177893536453970103e-03
8.384363194488967178e-03
6.889590568970094253e-03
9.449656059680263190e-03
5.153918365207193868e-03
7.083766585883385231e-03
6.939461282371784008e-03
4.721478746413546729e-03
5.157219458560942903e-03
1.128284497625235867e-02
5.130236769815415231e-03
1.099560527783437908e-02
6.874695854661803246e-03
6.019095097923022469e-03
7.899562520820999773e-03
5.558196220443414881e-03
5.230568828189731748e-03
6.205515468455692629e-03
8.637634946579104966e-03
5.273612812781166594e-03
4.814546310984626348e-03
7.668392179584443240e-03
5.571322583954543654e-03
1.274022297280600832e-02
1.010440076564437725e-02
9.906456576719709431e-03
9.032126370090147460e-03
1.045099467834494436e-02
6.533428608333598751e-03
1.614734435949639196e-02
6.092816497461678651e-03
6.410750147579312268e-03
1.131093138466755105e-02
2.095066296399874378e-02
9.197147816302694845e-03
1.028719559467562022e-02
8.956728878716275696e-03
5.198285429753967193e-03
4.576882034520878342e-03
8.616359414898635063e-03
1.470356511002324923e-02
9.740129918206875265e-03
5.883020486127180267e-03
5.057199549966485616e-03
4.205341324554364747e-03
