3.299232900092724345e-04
3.569458525546355637e-04
3.072347214508498866e-04
3.163181775429582568e-04
3.509438205606014993e-04
3.424703050338316818e-04
5.389989550235970480e-04
5.732786337658735305e-04
8.973590202253228527e-04
5.319921761043815232e-04
5.242119719694703084e-04
3.821711716263381927e-04
3.272666301144891714e-04
3.013659424184545257e-04
3.342582168261639948e-04
2.981521271400933083e-04
3.363000646802591842e-04
3.640061009345921163e-04
3.288005096949410616e-04
3.447760228897377198e-04
3.364849787751528990e-04
3.377739171701439028e-04
3.290747658188928389e-04
3.340365867977378536e-04
3.363405498340372632e-04
3.440065122210220531e-04
3.271672244581020684e-04
3.298910911989194725e-04
3.434018803777857151e-04
2.994941668039730618e-04
3.400777381323398540e-04
5.243626881614685698e-04
4.876947001278310323e-04
4.737491398166072737e-04
4.515100348565258335e-04
3.541382706500016404e-04
3.953945885472430889e-04
4.997311516426469020e-04
5.237151579764404239e-04
6.659368287056700603e-04
6.230689030560384277e-04
3.644086107134220380e-04
3.502919572230549683e-04
3.626236495857783565e-04
3.516969736863362860e-04
3.975827717245878279e-04
3.899910933918484678e-04
3.993800740831727168e-04
6.149292560061299850e-04
4.945851605451896324e-04
4.360016830943249625e-04
4.736242428845669145e-04
3.734193081590611455e-04
3.309358724727331407e-04
3.274121632291701047e-04
2.742479826119467029e-04
3.046257995368692115e-04
3.311155543271885248e-04
3.032514622546316407e-04
3.191624931688329244e-04
3.463068818835630838e-04
3.282512131889800855e-04
3.392652553054319588e-04
3.596342684042522263e-04
3.232027032890975589e-04
3.688685183489291610e-04
3.934094161270621165e-04
3.848379764636392910e-04
3.493424666364594979e-04
4.065902883562672173e-04
3.528724504269477530e-04
3.793728004396708159e-04
6.353303889730585463e-04
4.383570379281363305e-04
4.640123899098145340e-04
4.509820537834177689e-04
3.550175621700136716e-04
3.031900050834904345e-04
3.050787897202708078e-04
3.194555917349883303e-04
3.791339005310753589e-04
3.721059525536913226e-04
3.935066448771654579e-04
3.486964056490205691e-04
5.551029611033980651e-04
5.668955320281274853e-04
7.038967452595703894e-04
5.976164469271539551e-04
6.520687031055678049e-04
4.093299179407143768e-04
3.562293320726707467e-04
3.353649231020607155e-04
3.026687601326965562e-04
2.888677347136942323e-04
2.979736392578673861e-04
2.980103742040029905e-04
3.381305046641333079e-04
3.510888964296517514e-04
3.268804228983301116e-04
3.728589116253548490e-04
3.423362913617505323e-04
3.328156886093812990e-04
3.229825571145729856e-04
3.398702768573444335e-04
3.136375989980342985e-04
6.313021164940921855e-04
6.510218457848891737e-04
4.044191709129636237e-04
5.839338442835688599e-04
6.261668092495635682e-04
3.178298958953815851e-04
3.499528960615325363e-04
3.796590872775348815e-04
3.110469620857411960e-04
3.377319700652512942e-04
4.148634434628883341e-04
5.912501693287318958e-04
6.450311980904222236e-04
4.878348446754283757e-04
5.546127290800515483e-04
3.790130279034225583e-04
3.586316028848851242e-04
3.873039210685970185e-04
6.163813435611589526e-04
6.017614436678027194e-04
6.620038126807227226e-04
6.457926352676757707e-04
3.602195702658124378e-04
3.117286227323862137e-04
2.286490006736731253e-04
