5.584987031897293425e-03
9.685170108712910508e-01
8.240246389127231855e-03
7.367651789255156257e-03
6.547612222225582951e-03
6.621742389196399840e-03
6.209952625777728601e-03
6.260608489270155612e-03
4.740613038108439439e-03
7.380879888475648867e-03
4.858574668096631022e-03
1.151592148187402000e-02
5.456390837530668281e-03
1.241767137710737996e-02
6.679174075453044382e-03
4.339147303956935806e-03
6.193358488456004313e-03
4.986254584485093864e-03
5.060909294668572249e-03
6.091326237781739816e-03
5.985353212976068753e-03
8.482064037504311385e-03
7.507528924742745344e-03
5.305861927374254904e-03
5.042103467170090843e-03
4.429512675645105868e-02
8.061947470603502211e-03
5.480703065564065425e-03
5.268447749794530170e-03
5.061327981009457709e-03
4.725510584055104234e-03
4.717329651736023796e-03
9.362867813294565786e-03
5.995249452111609673e-03
5.286598585664422333e-03
4.598811023448688695e-03
4.496598444717206725e-03
5.385553195885570306e-03
4.236216029232899201e-03
4.670489352771713641e-03
9.863413625445490232e-03
1.511989322524739943e-02
1.436111367889611988e-02
9.160422820737049165e-03
4.909032139318721295e-03
5.003648013456376067e-03
1.384826275215499114e-02
5.946168614662553434e-03
5.415442419381350306e-03
4.812855774340777694e-03
4.429963173870229282e-03
1.766185946385980532e-01
9.349013343123102615e-03
1.183902142897036262e-02
