5.261864034583599217e-04
5.001830035478444913e-04
5.151805450644283361e-04
5.213124883047838814e-04
1.063353686318912247e-03
2.315225313623141094e-03
4.760793487151509379e-03
2.813752848782485362e-03
4.563733755646014884e-04
4.096843738425861225e-04
3.718241874478103487e-04
3.766166831078672831e-04
4.552570058828487687e-04
4.838801701971226260e-04
7.269343973421878418e-04
8.031378267252693975e-04
8.757958838307887883e-04
7.784767522063055492e-04
6.891684760033501113e-04
4.599922084870734676e-04
4.704887946834387632e-04
4.097524446706050688e-04
9.717882367995376094e-03
4.124884038923511131e-02
2.595104667861877767e-02
3.031454048780186320e-03
3.190981945682306404e-04
3.182377401634876521e-04
3.512625252293971644e-04
3.318505158019893525e-04
6.611313274563436395e-04
5.405821961401147385e-04
7.069316847311370774e-04
7.558205572049640645e-04
3.836295085490049050e-04
4.097840024436160615e-04
3.799715944424370039e-04
1.362309293718422980e-03
1.944391109988641200e-03
1.642074572501431339e-03
1.345298402060417708e-03
5.252099938503759172e-04
2.884843356936299418e-04
2.865786743497957369e-04
2.797543433308067153e-04
3.005993169194404245e-04
4.152856294824434848e-04
3.619333894389112870e-04
4.581064040924509692e-04
4.828639595350793642e-04
2.988552372950649427e-04
3.232426496669357600e-04
2.968601873335422066e-04
2.919520548928994158e-04
2.864450430710901779e-04
3.708337633948247222e-04
3.895972679316447970e-04
3.915943743305366114e-04
3.868997643079024056e-04
4.002025989672660863e-04
4.281387967210425463e-04
4.270839239324003447e-04
4.154440560865214427e-04
6.874192823542356811e-04
8.898210720190256754e-04
6.089961973245862446e-04
8.041826350944983326e-04
5.475253902491530747e-04
6.140929581210906058e-04
1.083813138432392813e-03
6.826270072747117525e-04
6.664573596669055985e-04
7.750691498191230114e-04
3.396718538287044021e-04
2.900492272471518287e-04
2.825900130253761232e-04
2.723098516481349193e-04
2.802029716370372245e-04
2.722066464952729403e-04
2.769466190528151683e-04
2.880469646812405696e-04
2.591757352624306904e-04
2.614781972043466493e-04
3.235598813135728033e-04
2.686551511660663946e-04
2.580735579409337908e-04
2.653581273129761229e-04
2.811842570106815324e-04
2.645193060422003774e-04
2.866770028260119327e-04
2.898993180320117878e-04
2.751588949806241268e-04
3.114184471013524609e-04
2.914088533867445160e-04
2.551320177343010978e-04
2.478383927458084309e-04
2.333452737906360872e-04
2.304044391206953976e-04
2.344351033553836465e-04
2.280087134354025278e-04
2.351981621321366756e-04
2.342258088985608598e-04
2.352199913346072568e-04
2.278830121340062970e-04
2.281939062423137920e-04
2.370496667119126473e-04
2.761189829483308043e-04
3.309514300703680001e-04
3.610792230949289678e-04
6.255513774898263050e-04
5.223382631880001603e-04
8.770912416009775956e-04
1.603072269923329005e-03
6.793569121074198580e-04
2.432889004628231537e-03
6.622688589039452903e-04
1.595370357456107934e-03
7.569872521819468554e-04
5.593459008344521099e-04
5.681879274451836397e-04
5.362828462533706687e-04
5.694488764104778953e-04
3.805218209418131567e-04
3.555062086872209947e-04
5.014529916221885462e-04
3.317556776081712175e-04
4.586270556588093470e-04
4.524672970652679092e-04
3.363377066999775921e-04
2.711740645644328501e-04
3.446969087107476211e-04
3.060206732447692877e-04
3.487490296258661908e-04
3.855443977887357417e-04
3.572966197596034489e-04
4.046561476816178940e-04
3.362202931144621485e-04
3.528473922286929840e-04
9.708239360377388539e-04
5.792678901009359459e-04
6.671096346761125947e-04
9.259570713436350315e-04
3.889595053735028936e-04
6.094784964170154532e-04
1.224579332620460200e-03
1.376430393537241307e-03
