7.478097290819413212e-03
5.263920863819648681e-03
5.608443834479761615e-03
5.426687543964212566e-03
5.158890711287195119e-03
5.032884125243044723e-03
4.989495365151915690e-03
5.272709271281859379e-03
9.331045296055275398e-03
5.557126806791893615e-03
4.682384904946016065e-03
5.323999195497457031e-03
4.710022360545777602e-03
6.164106625125558882e-03
8.335947853214681000e-03
6.110377214141253510e-03
6.438807210030958288e-03
1.003359314983924382e-02
7.785001589248562864e-03
5.444803172338814889e-03
5.493187955565659655e-03
9.590330576389374806e-03
5.361896534151778908e-03
5.603146864759649126e-03
1.214958375470587618e-02
1.221243921503533357e-02
1.676306382628230465e-02
2.952017753055443533e-02
4.757941794962579178e-03
1.154099198884384753e-02
8.241070109318173950e-03
6.864697070875463818e-03
5.779515443442640073e-03
5.854289917500109242e-03
1.284842746823360894e-02
5.296544819539126051e-03
5.435674253019889476e-03
4.751939407782325431e-03
2.107576634093103959e-02
5.304965552949492645e-03
4.845348817745893759e-03
9.997653005729176257e-03
5.323372363704627873e-03
5.756885347659104410e-03
5.015972562792792022e-03
6.007453817557367563e-03
8.050529941787667662e-03
