3.236737997773174685e-04
4.389357612244513640e-04
4.693106620423579648e-04
1.039948662983820145e-03
1.495311418603223084e-03
4.281651332167290885e-04
3.206436366238148215e-04
3.944877140670067020e-04
2.938545114315515368e-04
3.123078929445655149e-04
2.809874391169179695e-04
2.716865723156464130e-04
2.929002616039101019e-04
3.067816155089673103e-04
3.093866271580398382e-04
2.933547314671472797e-04
2.892314837064472745e-04
3.377819078073883408e-04
3.763392954756053033e-04
4.025672740606495506e-04
3.811433798670162262e-04
3.734370434926215687e-04
3.843651715337857754e-04
3.584217834024974844e-04
4.330663008976623268e-04
3.702509018943602750e-04
3.868122335945107550e-04
3.220708175569553331e-04
3.204541929752827449e-04
2.990892765747614067e-04
3.029904021197158868e-04
3.264636526060519703e-04
3.218813876459779158e-04
3.144710834526403382e-04
3.086709991953654831e-04
2.947483136616966637e-04
3.079253769434437066e-04
3.211723988103295895e-04
3.138750107264170141e-04
3.042781101886834843e-04
3.149199886623634957e-04
3.257723782804599591e-04
3.341870875556338084e-04
3.261714741864610301e-04
3.983124182037136338e-04
4.179415023880503929e-04
7.214615396249769285e-04
5.272611706695949987e-04
4.087443319876455467e-04
5.863723794748436271e-04
4.849045296466266103e-04
4.723799577348969619e-04
4.687460025735430236e-04
5.362620662035438640e-04
3.896590099749379669e-04
3.685591537143451460e-04
3.756778964733189607e-04
3.535334220353061213e-04
3.597685230172577059e-04
3.492330720538796901e-04
3.266298636132217268e-04
3.280243090002854306e-04
3.027889715161237493e-04
3.413032249356200924e-04
3.156804514015183641e-04
3.014935678001598169e-04
2.796433786825780173e-04
2.836727844690623045e-04
2.831675503595431709e-04
2.963074328553923654e-04
2.559645878844521829e-04
2.686508285462424093e-04
2.677775538860981412e-04
2.776400498808721698e-04
3.614974174054296765e-04
3.796473920233062248e-04
3.479841204361478380e-04
7.893769703937018618e-04
5.452101798972981955e-04
3.450526518481793724e-04
3.642268162891960058e-04
3.671111648023259633e-04
3.052879949287707782e-04
2.874582636536294577e-04
2.999652483741363268e-04
3.343821815063510033e-04
3.991166881359070671e-04
4.579913156149945206e-04
4.669289255746800768e-04
4.219740821883888890e-04
3.487691091522677578e-04
2.894755508068105648e-04
2.814746794378603393e-04
3.417955789035673252e-04
3.420375554350104904e-04
3.527599454904901152e-04
4.222453335217445309e-04
3.477475040695317504e-04
3.033250810768773221e-04
2.928165058427922374e-04
2.809955600582182559e-04
2.785196840639595243e-04
2.721321315681280990e-04
3.066366360720168853e-04
3.174867580176008526e-04
3.454512452244705954e-04
3.967005538652434299e-04
3.817760905902209379e-04
3.675595132172067921e-04
4.441838714358929685e-04
3.532640408537374372e-04
3.990211446491053024e-04
4.016118917172306689e-04
8.190749597362198976e-04
1.797889468718940177e-03
2.523923376553981971e-03
5.437398411579747251e-03
2.005531617752160257e-03
1.265970472399293670e-03
5.638071651651291229e-04
4.709992469486824177e-04
5.208124071971929024e-04
3.508941022212582915e-04
3.262995494294597745e-04
3.188179594205053295e-04
2.699052538113350932e-04
2.788844340890273324e-04
