4.609941336230101265e-03
4.616354573847193318e-03
6.741968662373675966e-03
6.590325742483570462e-03
6.402084112221735970e-03
8.292801326271841827e-03
1.603049417710502786e-02
4.836047113544456391e-03
8.303303472000866936e-03
1.625139017191458077e-02
5.105762060800424391e-03
5.355859909854094117e-03
6.544677292412458443e-03
7.295226890566390739e-03
4.894451410621881299e-03
5.766327779065826518e-03
6.965137220402337591e-03
4.802813217825660681e-03
6.054436813023557178e-03
5.352379753032479245e-03
4.513829871039166594e-03
4.943863521455565090e-03
5.316436253120726541e-03
1.467088201541113732e-02
4.466992147161204935e-02
1.317007113030338114e-02
1.497344368747317508e-02
4.754184634677142279e-03
5.547040713079398958e-03
5.175998761135805655e-03
1.327779730750129443e-02
8.144335102688983127e-03
5.115136159394499497e-03
4.539731136866379316e-03
4.992342336315708229e-03
7.198133968731829785e-03
6.386939350132765127e-03
7.173826643771980503e-03
7.679621683803985847e-03
4.620965402776250168e-03
4.965028671493398882e-03
1.091526658430226095e-02
7.078479182516484065e-03
4.948254811335388650e-03
4.661106763907394736e-03
5.259359005865122533e-03
7.654474760630445435e-03
6.470393717176731695e-03
1.218095700456560057e-02
2.600690497257513931e-02
6.887355859325243294e-03
8.426829634884008477e-03
