2.692187069210293061e-04
2.641187341646420383e-04
2.612529373580712742e-04
2.620348086017087758e-04
2.424358576040607297e-04
3.552015487632870661e-04
6.944803239058680881e-04
6.545838307045957457e-04
7.388923410413033785e-04
6.230259070426101076e-04
4.502137530088986509e-04
8.377639643104119530e-04
7.050718794618512572e-04
3.860847551716283270e-04
4.457536647880526903e-04
3.839332918843224693e-04
5.733290560666199059e-04
1.792306631902686881e-03
6.936299090570816409e-04
2.444525427965149773e-03
1.980475020887158093e-03
3.121192069436605292e-04
3.969478574253287417e-04
3.821317729832590703e-04
3.902545148130630369e-04
4.196503938671018383e-04
4.379686774796384750e-04
5.004951868028100891e-04
4.833224247484077833e-04
4.569660263289197322e-04
3.445713557174311559e-04
3.029351524483826926e-04
3.266315779463731836e-04
3.190087704053936875e-04
3.430662294010327273e-04
4.536107760038734257e-04
3.335155080745171312e-04
3.843513572221841858e-04
3.243365731520502816e-04
3.222652314350760378e-04
3.415283227624489972e-04
3.283295609895072148e-04
3.503999559106430036e-04
3.130949881768747270e-04
3.094066927218449723e-04
3.096323787764306370e-04
3.031980953358584226e-04
2.827738673441124368e-04
2.816933827963250892e-04
2.747847665186845477e-04
2.929007367376831395e-04
2.827108719793691716e-04
2.641956833279510272e-04
2.414230795416238799e-04
2.418277570544146685e-04
2.310872738935346345e-04
2.390582682269889059e-04
2.379081775479028932e-04
2.635586839928666316e-04
2.770445410653954487e-04
3.447014087665807970e-04
3.578890186295614504e-04
3.312035451652991006e-04
3.593713073240730762e-04
3.763277609203111119e-04
4.827836302143592435e-04
4.482294999402409194e-04
1.074622018947153645e-03
8.323753611276108865e-04
4.779949470994433909e-04
5.038177837600739221e-04
4.395379214652297387e-04
4.513620715014715385e-04
2.882170654802661291e-04
2.915461004550666318e-04
3.011681545850303644e-04
3.279099848213460895e-04
3.615845961682647922e-04
5.031623628085294536e-04
4.540309323352092682e-04
3.839106827845781733e-04
4.985740092017531839e-04
6.503394766702077492e-04
6.006152091001981837e-04
7.040621303193380937e-04
5.630387396828871781e-04
6.510988560058242943e-04
3.177727091158354068e-04
3.416913157088839271e-04
3.141898071128699566e-04
3.800616440196156911e-04
5.204758873869097828e-04
5.646396174153482574e-04
3.986482270162000911e-04
4.134853477911836048e-04
3.810446236403635593e-04
3.006151432829869369e-04
4.625891465022714810e-04
4.809519247047676425e-04
3.167297214410255408e-04
3.533961981246780295e-04
3.182042132006361731e-04
3.154962495367205676e-04
3.166599571115116330e-04
3.071529727563237231e-04
2.840614095611331122e-04
2.496752116077620041e-04
2.487394078116665890e-04
2.850910473717436925e-04
2.947497556946162786e-04
3.372035798379694718e-04
3.759367026015172225e-04
4.174208303696138331e-04
3.998480114271453739e-04
4.055430941662359692e-04
3.543630856896859871e-04
3.293190857953976511e-04
3.456474307715146294e-04
2.756146438983222828e-04
2.880788979668188923e-04
2.729643557420765275e-04
2.499151902577986871e-04
2.628915601122452277e-04
2.932576703574202369e-04
3.306622677809105230e-04
3.396570045029581640e-04
4.899490078012615300e-04
5.245202782484489120e-04
6.785610398106446325e-04
8.075917023264376484e-04
5.904680857723666656e-04
3.370282826925813900e-03
2.476438837976799139e-03
1.339359159853031672e-03
9.616264805140811462e-04
6.395548110077155972e-04
3.888159409508504228e-04
3.507230210334331293e-04
